Array Name: last_predicted_value
114.97647 110.385704 106.058525 102.351326 98.98893 95.63077 92.14407 88.03432 84.20251 80.348175 77.11611 73.62134
75.597435 74.11516 73.20529 71.68414 69.22554 66.1507 63.276955 61.29071 59.518745 57.85592 55.57067 52.893017
105.81422 104.35948 103.76618 102.64801 100.00514 95.97059 91.41619 87.24037 83.945854 80.65401 77.32821 73.901985
68.64657 66.11203 63.846806 61.214157 58.21629 55.23018 52.245266 49.63136 47.287746 44.91769 42.62095 40.197006
18.470148 18.187927 17.848726 17.064812 16.19187 15.514919 14.756692 14.097748 13.337997 12.57339 11.916282 11.301192
191.5227 183.62125 176.81999 170.80067 164.99449 158.76155 151.81975 145.75938 141.26471 137.91371 134.89125 130.31363
77.71976 75.26956 72.8676 70.38999 67.8233 65.4221 62.76879 60.27606 57.80889 55.29336 53.011078 51.012493
21.982853 21.830433 21.5768 20.813923 19.833237 19.081163 18.25273 17.666939 16.812979 16.004566 15.059002 14.274744
40.84574 39.61933 38.71111 37.448067 36.050755 34.809708 33.485874 32.151627 30.82062 29.367624 28.055517 26.818554
72.96962 71.061935 68.674385 65.89712 63.389248 61.55941 59.693817 57.229034 54.523754 51.322296 48.87828 47.111027
163.80402 159.6646 155.72685 152.04785 148.82149 145.17053 140.1742 134.7596 129.81937 125.66236 122.44361 119.43098
57.423477 55.611374 54.09809 51.958916 49.291176 46.632378 44.04072 42.117416 40.393093 38.603016 36.600952 34.528934
295.09213 283.3104 272.20322 262.61185 253.28154 243.92853 234.47627 225.82288 217.34523 210.51909 202.68245 194.2705
82.61775 79.74956 76.967804 74.12242 71.02094 68.227776 65.77882 63.79572 62.373962 61.180645 59.94577 58.258522
106.227066 101.596695 97.41523 93.26942 88.942825 84.75328 80.780624 77.57964 74.860916 72.43448 70.01475 66.76026
62.62281 60.288692 58.247585 56.310997 54.426964 52.516567 50.23315 47.917004 45.916008 43.961243 42.279556 40.602905
135.39877 131.24472 125.91545 119.43681 112.85572 107.75315 104.145355 101.46993 97.78722 93.34345 88.601425 83.93994
122.639015 118.146324 112.89872 108.594376 105.74066 103.98527 102.20893 98.83659 94.09797 88.459564 83.50947 79.78729
183.45128 179.5968 176.02838 171.02904 164.84633 158.75146 153.00122 149.49037 146.80026 144.43497 141.0027 137.17381
197.45575 191.70004 186.7689 181.02922 174.5729 167.16652 159.81995 153.57455 148.31355 143.49245 138.28348 132.58966
55.943264 53.89313 52.05822 49.994827 47.577362 45.271313 43.06731 41.315907 39.61704 37.96063 35.921886 33.94655
38.27742 37.306404 36.509125 35.374012 34.040333 32.720905 31.363966 30.206324 28.965183 27.840893 26.397032 25.1869
45.017418 43.08175 41.798355 40.196156 38.422054 36.481342 34.613926 33.035645 32.14561 31.177109 30.123098 28.55267
61.995857 60.050987 58.42376 56.486794 54.35183 52.243675 50.226353 48.58376 47.162163 45.706512 44.185524 42.47021
91.55358 89.02068 86.140785 82.722244 78.74455 75.17541 72.022995 69.78243 67.551414 65.4472 63.090088 60.603336
60.878277 57.893017 55.10821 52.48385 50.00871 47.907356 45.95076 43.947666 42.383034 40.66196 39.252632 37.701027
174.4482 170.43312 165.73921 160.64366 155.80516 151.89482 148.79968 146.02982 142.74683 139.08707 135.19086 131.38556
32.001953 30.877254 29.713608 28.206663 26.5217 25.08714 23.670813 22.5726 21.687757 20.952547 20.085918 19.30984
216.78185 212.92885 206.81044 199.62292 193.98761 191.8761 190.09251 188.42628 185.02022 180.68047 176.56676 174.0849
113.76329 111.32045 108.734665 105.667496 102.367905 99.05039 95.56487 92.46339 89.560036 86.81883 84.19497 81.751884
152.06287 146.23924 140.80412 135.0675 128.98135 123.448135 118.48379 114.94117 112.88654 110.92603 108.30198 104.4606
-0.09079668 -0.3222442 -0.1294074 -0.0718379 -0.2734331 -0.49617267 -0.9208314 -1.3485128 -1.480824 -1.6762152 -1.7371309 -2.1812916
179.08311 174.80661 170.77275 166.54335 162.31763 157.40268 151.5364 145.96811 140.7246 136.29944 132.57106 128.89035
94.18738 91.52496 89.121574 86.85431 84.440704 82.30583 80.22459 78.757355 77.916115 77.298225 76.60765 76.07202
76.425514 74.205 71.92872 69.23581 66.4466 63.940838 61.26007 58.588814 55.97899 53.14217 50.85365 48.78072
97.81496 93.25902 88.978516 84.35224 79.435936 74.77717 70.46156 67.27269 64.38434 61.571014 58.465057 54.77546
113.27591 109.3839 105.44067 100.980064 96.04514 91.157936 86.40015 82.34577 78.67647 75.156624 71.61568 68.02281
56.144817 54.62081 52.981358 51.061817 48.919823 46.78128 44.271057 41.802692 39.469307 37.28225 35.4372 34.008156
46.785633 45.700996 44.610302 43.147686 41.255535 39.42671 37.583366 36.12882 34.494595 32.89121 31.008015 29.44065
159.66484 156.70073 152.85626 148.04129 142.77002 138.03992 133.94421 130.14539 125.68393 120.95698 116.264145 112.19735
95.470116 92.62494 89.58468 85.88162 81.622955 77.664345 74.11413 71.45606 68.45663 65.18765 61.491997 57.672535
226.33322 222.38869 218.50241 213.92741 209.7719 205.9383 201.9045 197.91272 193.84653 189.67717 185.72453 182.11563
178.65738 172.55183 167.41174 161.9343 155.9317 148.90482 141.88028 135.44487 130.55042 126.13516 121.57481 116.27706
149.7766 147.53842 145.0737 141.36215 137.16092 133.18187 129.58621 126.542404 123.55083 120.4537 116.932274 114.09363
18.25054 18.434175 18.532541 18.04471 17.33729 16.678576 15.905791 15.340642 14.69196 14.18765 13.605497 13.251167
172.75987 168.2794 164.8885 161.7499 157.78264 152.35977 146.19432 140.9488 137.48705 135.17448 132.84715 129.30208
19.249615 18.903805 18.818653 18.378551 17.783524 17.098606 16.122246 15.283278 14.608222 14.109421 13.462007 12.832655
30.79206 29.97236 29.256332 28.232248 27.106703 26.185034 25.080318 24.051405 23.012978 21.870033 20.793804 19.812572
86.51149 83.77015 81.45675 78.66307 75.43541 72.11322 68.668076 65.357185 62.345074 58.96158 55.753994 52.62504
80.450554 78.60347 76.8624 75.31443 73.64841 72.072784 70.40172 69.04284 68.14342 67.49962 66.95485 66.177055
68.51358 66.17593 63.617203 60.59705 57.38988 54.906086 52.826405 51.259758 49.192238 46.69574 44.01982 41.471832
228.13974 220.44968 213.18994 205.58192 197.87509 190.0281 181.86478 174.58118 168.1201 162.40387 156.81819 150.80098
100.00229 97.293686 94.50421 91.66159 88.48625 85.24997 82.06288 78.90627 75.747345 72.66893 69.623276 66.8276
189.81871 187.22733 184.74298 180.9453 175.61774 169.65971 164.12653 160.64746 157.91869 155.6803 152.2291 148.15187
61.31207 59.26412 57.377525 54.76386 51.675163 48.872124 46.344364 44.36279 42.54482 40.623913 38.663647 36.72955
154.497 153.59358 152.93307 151.74243 149.95581 146.86986 143.53934 140.44733 138.49245 137.08978 136.12915 134.48047
200.20963 194.55751 188.49435 180.89885 172.79082 165.29163 158.79758 154.05092 149.49568 145.0077 139.97075 134.6318
347.93738 340.0456 332.9944 324.84982 316.2245 307.1118 297.8266 290.28122 284.02203 278.65207 273.4307 266.9918
301.2136 291.08978 281.15533 271.36633 261.4167 251.90111 242.16898 233.46397 225.07538 218.03195 210.75851 203.28534
109.33215 107.12773 104.47644 101.05726 96.962685 92.95691 88.819786 85.33218 81.78974 78.40166 75.33924 72.71825
8.716742 8.5724325 8.604552 8.227502 7.675683 7.209392 6.6130133 6.146267 5.786042 5.409298 4.94919 4.408454
188.34831 183.38274 178.37056 172.89044 166.86986 160.38443 153.8735 148.03809 142.22241 136.7508 131.42836 125.9919
51.771706 49.883278 47.768448 45.768898 43.79935 42.349262 40.88246 39.52596 38.015766 36.605682 35.299953 34.065105
127.975365 123.79318 119.00856 114.05391 109.67079 106.65355 103.69619 100.453026 96.57664 91.64289 86.91746 82.97309
88.9471 85.159386 81.9466 78.91081 75.88467 72.76545 69.37951 66.07117 63.81407 61.60292 59.781174 57.311367
97.03346 95.08816 93.03418 90.42868 87.50366 84.86395 82.39788 80.64747 78.99584 77.121445 75.12144 72.854675
86.22176 82.08256 78.83699 75.99842 72.91766 69.163475 64.96842 61.005554 58.333397 56.28478 54.535 51.87285
260.48245 255.79532 251.21812 245.28596 239.51091 233.72697 228.45248 223.93842 219.26414 214.44997 209.51645 204.53209
71.48101 69.3266 67.666245 65.63983 63.246346 60.736683 58.269043 56.21969 54.983932 53.821262 52.616386 50.955154
273.50116 264.91815 256.69922 247.47594 238.37296 229.12744 220.66345 213.02205 205.7139 198.46619 190.7994 183.17119
34.281166 33.186306 31.763367 29.875635 27.81793 26.265528 24.844439 23.837906 22.672298 21.672653 20.451565 19.454313
96.5849 94.38535 92.9084 91.34742 87.646835 82.65656 77.25515 73.07698 69.681755 66.923485 63.50315 59.35487
182.51826 179.96735 176.50375 170.6241 165.00046 160.68134 157.70218 155.49901 153.13597 149.59517 146.08415 142.71942
88.833786 84.8359 81.064224 77.20464 73.27451 69.588005 66.21312 63.01379 60.36511 57.740948 55.51123 52.679497
11.61142 10.406313 9.719276 9.400998 9.293649 8.85949 8.032822 6.781306 6.203015 6.193612 6.575947 6.537012
98.5209 96.05761 92.82478 88.9087 84.641846 81.20108 77.73433 74.70335 70.82987 66.47255 62.028343 58.45471
146.5038 141.54045 136.7814 131.58643 126.15709 120.90026 115.62446 110.85626 106.754425 102.89361 99.26003 95.5371
125.432396 122.128716 118.52236 114.92789 111.94716 109.68074 107.425545 104.715965 101.791046 98.42773 95.5986 93.01948
165.33638 160.87914 156.52736 151.13754 144.70844 137.98952 131.68314 126.60655 121.9036 117.4891 112.453865 107.44858
196.08728 188.88223 183.07574 177.89566 172.11105 165.93098 159.30115 153.74765 149.82472 146.69379 142.69922 137.51671
196.71078 194.83253 191.89568 188.44151 184.93019 182.1249 179.48985 177.60463 175.23805 173.24602 170.74283 168.61032
166.6662 162.32976 158.07623 153.89449 149.58751 144.84317 139.62007 134.64587 129.8309 125.54802 121.546844 117.41036
301.6237 294.86743 288.50513 280.5957 272.0795 263.273 255.82994 249.4624 243.57274 236.82169 228.67767 220.42847
20.562654 20.209663 19.887554 19.125519 18.33968 17.827051 17.252066 16.77558 16.051268 15.277888 14.399344 13.744466
68.84098 67.10452 65.47269 63.27247 60.64819 58.079956 55.15504 52.606716 50.361034 47.896152 45.671066 43.64316
156.48235 152.33405 148.28796 143.74406 138.84178 133.81552 129.13351 125.25838 121.64795 118.38897 114.79884 111.01936
65.53227 63.399986 61.819458 59.847862 57.723656 55.690228 53.79455 52.257374 50.972237 49.57905 48.092464 46.330055
63.93459 61.74866 60.112183 58.500927 56.78006 54.853104 52.665207 50.790714 49.445015 48.340115 47.233215 45.754524
94.60061 92.3508 91.39583 90.64177 88.62141 84.70038 80.16828 76.10539 73.44086 71.87193 70.78925 68.793076
108.10006 106.09124 104.03972 102.30988 100.49221 98.68113 96.62199 94.54145 92.42036 90.301 88.43118 86.51273
114.119095 109.878426 106.29903 102.61686 98.47521 93.817474 88.65865 83.79446 79.872734 76.44133 73.3103 70.155945
110.977585 108.54405 105.80201 102.770454 99.63936 96.42406 92.77452 88.544945 84.493 80.541115 77.54632 75.23844
138.83705 133.56491 127.45675 121.19868 116.232765 112.75825 109.13024 104.93575 100.12202 95.51897 92.17825 89.560135
43.05307 42.464024 41.94975 41.07968 39.9456 38.403122 36.12865 34.091717 32.310535 30.905735 29.434898 28.286936
127.99421 123.53664 119.75753 115.72032 111.12322 106.029655 101.317116 97.06411 93.88411 90.77055 87.08844 82.91885
181.4329 175.84889 170.21884 164.08418 158.57272 154.10378 149.45047 145.51303 141.88405 138.19728 134.5197 130.7575
218.89178 214.478 210.54382 204.63676 196.90163 189.00052 183.54257 180.38428 177.99529 174.92969 169.67102 163.48079
434.3421 427.47205 420.5498 411.67526 401.83267 391.98505 384.24387 377.99313 372.99823 367.5813 361.3184 353.91855
40.09482 39.658665 39.201717 38.37193 37.25794 36.25588 35.38543 34.94711 34.946163 35.279774 35.288067 35.446487
205.62299 201.562 197.14943 191.5046 185.42921 179.93387 175.78914 173.65799 171.90666 170.20941 167.4052 163.65161
191.02972 188.10672 184.20079 179.21053 174.18388 169.68767 165.95737 161.95523 156.9472 151.39369 146.15764 141.77055
254.68283 249.81898 245.05957 240.32399 235.67215 230.6542 225.4263 220.48886 216.12056 212.69125 209.63287 206.00302
42.32536 40.945324 39.630054 38.268726 36.80555 35.448536 33.891365 32.335785 30.879677 29.68376 28.539314 27.498648
154.76768 149.94424 145.58116 141.21884 136.93631 132.88005 128.81746 125.124695 122.392265 119.91848 117.58375 114.73226
47.43324 47.49386 48.552624 47.579132 44.94012 41.180927 37.62304 35.667793 34.09469 32.668457 30.286839 27.75381
60.948044 58.387547 55.954815 53.25797 50.188896 47.47527 44.986355 43.214184 41.61397 40.024105 38.043354 35.8225
142.3698 136.69446 131.17732 126.84657 125.07432 123.44407 121.48458 116.53061 111.09373 104.85628 100.55152 96.7844
27.524708 27.402905 27.40333 26.869377 26.151793 25.414858 24.365282 23.391247 22.36514 21.163029 20.013609 19.081821
146.87726 142.65445 138.39774 134.25314 130.09404 125.81637 120.758064 115.378105 109.97595 104.9459 100.49222 96.6821
107.89679 104.243034 99.896996 95.01806 90.25625 86.55398 83.41901 80.692245 77.34014 73.54548 69.82224 66.27179
156.61977 153.13364 149.14304 144.6495 139.3935 134.2467 129.6383 126.01362 122.30045 119.06944 115.119865 111.29632
380.0257 366.99908 354.99765 343.5014 331.56598 319.59195 307.5046 297.84662 289.9723 283.3756 275.93747 266.32697
82.75074 78.84329 75.50353 72.480034 69.594734 66.73853 63.663296 60.741924 58.614075 56.48216 54.60066 52.235847
119.26857 117.372284 116.68709 115.91895 114.10267 110.995346 108.03834 105.35855 104.4379 103.8373 101.994865 99.92887
67.898605 66.07277 64.30856 62.381428 60.16009 57.78518 54.710403 51.75293 49.070385 46.4452 44.233543 42.196056
38.744057 36.878933 35.518337 33.950077 32.30215 30.674044 28.856863 27.326883 26.28594 25.406637 24.593864 23.389011
39.651165 38.26841 36.904922 35.16262 33.204643 31.418451 29.539642 27.935684 26.53548 25.155483 23.887295 22.724367
109.93625 105.77386 101.048996 96.07369 91.650566 88.29738 84.90282 81.609024 78.19671 74.6024 71.62988 68.86344
127.33 123.05835 118.63688 113.958626 109.36135 104.81184 100.557755 96.578575 93.30463 90.38469 87.952385 84.97363
217.09027 209.63501 202.89423 195.64374 188.35728 180.68459 172.92543 165.50175 158.85214 152.41267 146.1079 139.51689
236.26071 229.8528 223.02524 215.42232 207.33328 199.64137 192.40012 186.02888 179.26236 172.57974 165.16124 158.40862
140.29813 138.47159 135.4342 131.13077 126.77372 123.02431 119.66295 116.94311 113.878975 111.16178 109.076775 107.27457
134.60535 131.6943 127.85956 122.98041 117.66563 112.62165 108.0214 103.67647 98.76622 93.984184 89.598236 85.99311
70.449196 67.76773 65.26478 62.4802 59.75214 57.21047 54.37216 51.286694 48.61279 45.757828 43.58245 41.63314
256.35513 250.67296 244.44241 236.65096 228.13376 220.56862 214.18607 209.53755 204.77748 199.57838 193.44672 187.24622
148.95374 144.98267 141.02563 136.14833 130.96973 126.08205 121.93213 118.282196 115.02439 111.47035 107.58192 103.61855
24.92755 24.569962 24.430368 23.727232 22.749914 21.54955 20.373978 19.499807 18.798853 18.324068 17.737328 16.985062
156.48613 153.29932 150.2299 146.93222 143.09407 138.90009 134.58998 130.85347 127.54621 124.675415 121.78615 118.74014
2.2801104 2.0323238 2.5305185 3.1159253 3.4672558 2.9658394 1.9706297 0.6992248 0.02014774 -0.28505862 -0.50248975 -1.1103406
41.621113 40.74419 39.982895 39.16485 38.29205 37.57291 36.739124 36.162884 35.68328 35.2582 34.849194 34.39607
20.45911 19.88516 19.597 19.0101 18.499592 17.97083 17.36093 16.741756 16.193266 15.556948 14.759796 14.030033
29.753729 29.54043 29.519789 29.45051 29.335173 28.891058 28.048521 27.10158 26.46342 26.012245 25.876608 25.716356
25.065117 25.2219 25.544737 25.3566 25.09445 24.74977 24.148607 23.520645 23.07031 22.219263 21.530163 21.000309
42.871536 41.747093 40.765236 39.62485 38.336052 37.003006 35.419415 33.945583 32.434177 30.960815 29.362906 27.891754
66.73459 64.646866 62.99186 60.527958 57.519413 54.557602 52.03627 50.11181 48.618217 47.122448 45.32736 43.522007
105.54947 101.18839 96.923454 92.42873 88.15097 84.06996 79.91893 75.763214 72.1428 68.45377 65.50505 62.327877
158.48468 155.63219 152.51758 147.72113 141.90549 136.3686 131.60252 128.11327 124.37257 120.04334 114.96332 110.26251
114.673454 109.677414 105.11545 100.81545 96.58779 92.24748 87.656136 83.326675 79.69179 76.30994 73.130295 69.4532
104.55369 102.958084 101.213394 99.42782 97.58873 95.92511 93.89619 91.96043 90.15969 88.54101 87.4601 86.52792
47.24367 45.91377 44.81104 42.857033 40.404488 38.01406 35.842903 34.203045 32.791676 31.448273 29.949873 28.467041
54.432182 52.57318 50.85905 48.554363 45.77973 43.22797 41.05498 39.67753 38.393612 37.282967 35.818966 34.11423
97.265205 92.90398 88.75626 85.08306 81.86025 78.93749 75.6925 72.11195 68.973076 65.68826 63.14235 60.288097
163.16028 160.54404 157.36345 153.05336 148.33736 143.92488 139.85515 136.59924 133.46999 130.90157 128.13997 125.75959
138.92998 137.65384 135.92297 133.87778 132.25279 131.06934 129.39764 127.71652 125.83218 124.01907 122.79044 121.79134
58.224007 56.31477 54.59143 52.5723 50.275677 48.069027 45.822414 43.827682 41.99267 40.139637 38.29102 36.45832
57.97789 57.121204 56.674015 56.092743 55.35259 54.26347 52.96223 51.80796 51.127007 50.58828 50.244595 49.711063
205.80197 201.21802 196.63208 191.4652 186.23122 180.9585 176.12132 171.2353 166.57146 161.91173 157.48395 152.90323
91.32902 89.26828 87.527405 85.28844 82.81493 80.442665 78.473145 76.98678 75.92258 74.61355 73.265816 71.53921
86.81419 83.81387 80.94908 77.75064 74.24784 70.84502 67.402565 64.34714 61.458595 58.46806 55.618526 52.67448
87.00378 84.04272 81.20642 78.03414 74.55086 71.16412 67.734406 64.694176 61.817562 58.838764 55.99443 53.057026
86.81148 83.78228 80.86007 77.62751 74.043144 70.55778 67.03523 63.887848 60.915443 57.851234 54.899857 51.870853
121.40045 120.412186 119.43422 117.71327 115.57578 113.18024 110.265816 108.15182 105.90718 103.922516 101.78397 99.90626
76.012505 75.30766 73.7938 71.755844 69.34142 67.06603 64.13272 61.83174 59.280857 57.30617 55.70616 54.564014
148.13422 143.32869 138.50774 133.14455 127.512115 122.01851 116.82733 112.04436 107.42509 102.81433 98.18358 93.621956
258.01575 248.34369 239.48956 231.63246 223.8943 215.66928 206.976 199.7414 193.82942 189.78934 185.76054 179.57144
45.893867 45.33357 44.747482 43.816467 42.82788 42.160408 41.444298 41.007572 40.478764 39.960182 39.576706 39.25441
67.75828 65.799965 63.95805 62.073853 59.99976 58.020615 56.01207 54.154297 52.66288 51.242294 49.93564 48.56236
46.94216 46.049606 45.54192 44.59985 43.218094 41.719322 40.218742 39.214188 38.409966 37.727768 36.79925 35.852516
72.59059 71.51884 70.62287 69.204735 67.52378 65.94571 64.367584 63.279984 62.511208 61.82528 61.01016 60.166355
198.45822 194.50436 190.77383 186.52028 181.89452 177.06245 172.62117 168.72389 165.40283 162.16673 158.36667 154.22417
195.27174 192.09134 188.18922 183.04987 177.58757 172.9046 168.84753 165.99997 162.50253 158.65312 154.45573 150.32506
90.0203 88.11644 86.497116 84.59772 82.26872 79.739334 77.18122 75.295235 73.826355 72.535934 71.05222 69.20322
176.00291 172.52757 169.43065 166.02924 162.2017 157.4487 152.44861 148.06421 144.60037 142.25102 140.31418 137.65508
152.28783 147.58685 142.77919 138.06903 133.81825 130.07303 126.139854 122.481384 119.19122 116.28965 113.869965 111.08403
123.490295 121.034744 118.48237 115.40298 112.000755 108.659195 105.46099 102.6147 99.9265 97.2491 94.580185 92.00326
32.581593 31.383368 30.430473 29.405636 28.39794 27.444511 26.270618 25.20509 24.260668 23.430147 22.62241 21.645893
96.49984 95.01633 93.627556 92.27766 91.10473 90.226685 89.35733 88.4182 87.81322 87.17805 86.79323 86.3172
100.52462 98.71794 97.04655 95.27249 93.2958 91.26291 89.303635 87.50822 86.099594 84.79597 83.532906 82.20468
176.03622 174.31255 171.96198 169.26923 166.80974 164.64235 161.96312 159.58276 156.9767 154.50957 152.41588 150.61028
118.17777 114.49719 110.77548 106.67443 102.209114 97.78372 93.48813 89.53171 85.73894 81.90213 78.137924 74.38593
117.99599 114.31872 110.568665 106.43376 101.9297 97.46769 93.112915 89.08163 85.23365 81.300674 77.47876 73.65919
81.718735 79.55865 77.38364 74.841064 71.84583 68.886116 65.81028 63.414406 61.113403 59.01248 56.878944 54.618576
57.711796 55.820484 54.12457 52.12918 49.873783 47.696373 45.47889 43.513416 41.691223 39.864956 38.04015 36.23139
130.15384 124.28509 118.92683 114.37072 110.194534 105.70037 100.821014 95.81146 91.364685 87.406784 84.08376 80.13557
107.435486 105.6832 103.801285 101.96154 100.27338 98.924286 97.33976 95.84529 94.56264 93.278595 92.31215 91.48339
173.11395 167.92255 161.7118 156.8198 156.42113 158.03893 158.61195 154.78513 149.86517 144.17757 141.82135 140.52939
149.68906 145.72665 141.42618 136.4423 131.16298 126.10927 121.359406 117.02859 112.73965 108.57483 104.387596 100.33506
118.4068 114.724785 111.041885 107.162224 103.38761 99.59956 95.73691 91.8064 88.30555 84.60766 81.3297 78.08886
117.77962 113.93781 110.07254 105.86056 101.32739 96.83976 92.457565 88.43772 84.62685 80.736916 77.004234 73.2281
118.280136 114.742 111.10219 107.03565 102.593475 98.231384 94.03057 90.17914 86.44969 82.658844 78.92903 75.23624
57.62271 55.718582 54.013916 52.011505 49.748516 47.564316 45.34004 43.367653 41.54002 39.707703 37.879475 36.068523
57.291847 55.407146 53.750977 51.790504 49.605034 47.492123 45.351727 43.46186 41.713642 39.982094 38.258747 36.547733
61.31656 60.73495 60.02734 59.12612 57.927727 56.817097 55.6493 54.900284 54.155876 53.522537 52.805832 52.09163
57.89159 55.93422 54.177216 52.132744 49.81381 47.581066 45.307747 43.282936 41.413647 39.52488 37.64091 35.764523
72.73146 71.04118 69.58403 67.48192 64.79791 62.0101 59.145275 56.962574 55.08237 53.213284 51.276966 49.290394
77.68478 73.902626 71.17061 68.77826 66.533714 64.0124 61.10748 58.167606 56.032303 54.13458 52.655365 50.375034
26.050148 25.274982 24.40186 22.889143 21.130814 19.921095 18.858803 18.254866 17.975002 17.836725 17.774797 17.68431
95.16893 93.72285 92.14887 89.0486 84.8116 80.70669 77.44415 75.939514 74.786575 73.41838 70.97101 68.57897
115.591064 113.14173 110.87291 108.44761 105.90939 103.54719 101.0545 98.84906 96.782616 94.49448 92.22567 89.89574
58.175426 56.32635 54.705124 52.76214 50.59758 48.506577 46.38084 44.513863 42.762196 41.051556 39.32467 37.608974
61.663383 60.427082 59.3352 57.94403 56.275215 54.717052 53.148033 51.831978 50.732235 49.633564 48.598648 47.672527
57.927868 55.98578 54.242844 52.212063 49.907135 47.68828 45.429558 43.420414 41.56947 39.699207 37.837337 35.987236
58.356327 56.51856 54.907814 52.97206 50.815964 48.73281 46.615124 44.757378 43.012257 41.310974 39.59054 37.881496
57.355156 55.491013 53.845276 51.894184 49.72029 47.617264 45.481907 43.602234 41.857952 40.131153 38.411167 36.6985
58.398228 56.48816 54.76713 52.749023 50.45076 48.23995 45.9864 43.98463 42.13661 40.274582 38.40947 36.55442
57.96486 56.024227 54.282513 52.253304 49.949535 47.732227 45.47499 43.467854 41.620052 39.75303 37.895065 36.050232
31.416914 30.566313 29.953384 29.060715 28.040995 26.991392 25.74887 24.68608 23.73822 22.934542 22.011074 21.073439
57.743454 55.87457 54.233727 52.279507 50.1017 47.99834 45.860474 43.979267 42.225544 40.502373 38.775173 37.061592
57.722786 55.752213 53.98222 51.93248 49.610256 47.37022 45.09134 43.057465 41.18509 39.28706 37.394344 35.502052
58.224228 56.32735 54.624893 52.63113 50.363823 48.18261 45.962753 43.994514 42.192257 40.37066 38.563015 36.777664
57.903698 56.03869 54.401276 52.444996 50.269615 48.16499 46.0268 44.145866 42.383896 40.655552 38.914677 37.181286
61.630096 59.20385 56.79804 53.974056 51.01262 48.413483 45.89017 43.679646 41.547955 39.14864 36.874783 34.67082
156.33905 152.4449 147.54613 141.22519 134.55441 129.29485 125.32687 122.258705 118.03738 112.78783 106.67924 101.3131
434.6037 426.00903 416.95047 406.27747 396.10757 386.91095 378.74695 371.64648 365.24435 358.71277 352.2319 345.22397
201.07623 197.41154 193.45235 188.50792 183.47794 178.63406 174.4549 170.36932 166.06622 161.3241 156.17131 151.49414
25.191792 24.091558 23.535343 22.741156 21.874674 20.87863 19.58522 18.275074 17.257727 16.320377 15.437096 14.470633
48.655827 47.461105 46.32705 44.50368 42.365837 40.357388 38.51638 37.005833 35.604046 34.237247 32.79768 31.561188
149.35191 146.17943 142.50957 138.25761 133.89754 130.03049 126.35863 123.2513 120.11805 117.27122 114.683174 112.20406
185.91113 181.33572 176.37906 170.97269 164.71669 158.1562 151.12671 145.08235 138.84392 133.49586 128.45969 123.65695
120.92393 117.928764 113.99268 109.912796 106.30996 103.575195 100.8671 98.10777 94.90667 91.879135 89.78345 88.12659
72.066086 70.04898 67.92342 65.17927 62.04816 59.64972 57.66627 56.44362 54.947975 53.197742 51.19237 49.234837
119.08374 117.170235 114.89778 112.26494 109.601326 107.59622 105.69351 104.56526 103.3275 102.10937 100.97582 99.63221
73.60161 71.90593 70.53407 68.82424 66.87874 64.68864 62.52141 60.81523 59.878082 59.229782 58.70315 57.78338
141.52621 140.52524 138.15825 132.14346 124.48933 118.38458 114.29098 113.0649 111.108025 107.67851 102.82601 98.48743
44.180965 42.554928 41.08061 39.51179 37.879673 36.463184 34.908497 33.413677 31.973558 30.52828 29.162336 27.847706
44.020447 42.052677 39.97117 37.758827 35.462032 33.59801 31.758595 30.206776 28.797958 27.457018 26.11828 24.827875
43.206726 41.621822 39.94144 37.917492 35.596752 33.412434 31.31224 29.680433 28.300613 27.198671 25.889254 24.68142
52.372757 50.514084 48.807255 46.968384 44.95562 43.058243 40.867638 38.718967 36.60198 34.360214 32.29526 30.412586
45.661957 43.91434 42.247128 39.948616 37.320206 34.871292 32.565758 30.730703 29.138435 27.7649 26.425406 25.0924
54.222515 52.10872 50.05801 47.9852 45.713192 43.600983 41.37029 39.232666 37.020893 34.854305 32.82819 30.916431
63.255886 61.162437 58.958733 56.59843 53.98006 51.7359 49.458492 47.390995 45.1736 42.93359 40.674267 38.764202
45.042347 43.48368 42.04388 40.321842 38.463943 36.785126 34.97747 33.288006 31.59648 29.869013 28.282265 26.7721
72.29561 70.13692 67.97388 65.354515 62.5 59.862965 57.285385 55.116344 53.311695 51.32703 49.389336 47.438206
126.757645 123.95829 120.994225 117.9388 115.20281 112.614784 109.45089 106.26897 103.32489 100.93331 99.19086 97.65694
12.771999 12.4476595 12.489374 12.143891 11.610508 10.971312 10.087461 9.209533 8.630738 8.203499 7.750022 7.2143116
29.503963 28.594332 27.66182 26.381384 25.006521 23.762037 22.380129 21.264795 20.132807 19.028284 17.878225 16.75236
1.6492453 1.216551 1.0950017 0.8968425 0.62271094 0.46351057 0.13978797 -0.25162566 -0.3586809 -0.6460134 -0.6704119 -1.1524165
17.721155 17.320934 17.330143 17.12221 16.728138 16.24545 15.5235195 14.759312 14.253705 13.950773 13.748251 13.419082
44.75869 43.59093 42.76121 41.64035 40.326607 38.847137 37.189045 35.68713 34.359787 33.201733 32.03196 30.82128
52.267036 51.456722 50.71455 49.70462 48.527733 47.43631 46.320763 45.37659 44.692978 44.031765 43.582478 43.106277
46.970192 45.67057 44.692757 43.434616 41.91582 40.38455 38.767498 37.516895 36.598736 35.863102 34.91468 33.94252
69.82059 68.46895 67.15816 65.217 62.400684 59.45923 56.618534 54.75676 52.836178 51.18801 49.081978 46.990124
48.53977 46.959263 45.69687 44.483788 43.16369 41.739185 40.152576 38.548485 37.46775 36.74421 36.078693 35.317787
62.90471 60.558205 58.498703 56.09681 53.27716 50.45123 47.80051 45.662025 43.64155 41.62394 39.36233 36.85254
236.8862 231.50351 225.49931 217.22353 208.7527 201.42725 195.64655 190.8665 185.47943 179.04878 171.91978 165.6544
136.05356 131.49397 127.220184 123.11488 118.810745 114.53252 110.22441 106.46567 103.305664 100.43972 97.56665 94.07349
167.66302 164.02728 160.25757 156.16133 151.70079 147.05215 142.49635 138.3093 134.51418 131.42111 128.5718 125.64082
59.855465 57.573677 55.49492 53.154514 50.553802 48.266727 46.150787 44.538067 42.757843 40.935345 38.801956 36.614216
125.38562 122.089966 118.04236 114.03371 110.349045 107.32147 104.64905 101.82035 98.74097 95.824524 93.39923 91.180855
182.20468 179.49478 176.15785 172.28946 168.66359 165.4077 162.44972 159.59976 156.27725 153.3178 150.26924 147.75021
82.567245 80.61222 78.81724 77.01565 75.26622 73.258675 69.674904 65.94586 62.264904 58.800053 55.91861 54.00204
62.9405 60.873287 59.14213 57.08002 54.61662 52.06889 49.52397 47.525295 45.804794 43.888493 41.52155 39.195705
48.92186 47.75493 46.892067 45.180832 42.832253 40.44373 38.372395 37.079937 35.574215 33.99953 31.587894 29.358
88.1245 85.41666 82.82816 80.56134 78.323395 76.0903 73.47287 70.83378 68.574745 66.47373 64.676315 62.61566
55.926746 53.865833 51.955475 50.076668 48.31908 46.87639 45.192894 43.527313 41.92564 40.377056 39.105194 37.75048
71.48599 70.083275 68.620285 66.60507 63.797096 60.886703 57.90288 55.380836 52.771877 50.0958 47.34764 44.83724
39.73779 38.85723 37.893852 36.280167 34.277287 32.55409 31.067945 30.04557 28.856789 27.738823 26.39959 25.263762
1.1095996 0.88067496 0.9996776 0.87188375 0.45225465 0.088869005 -0.34957868 -0.52384996 -0.42722088 -0.4225248 -0.36584193 -0.7035904
61.931892 60.904385 60.15185 59.411858 58.732655 57.97714 56.99473 55.876633 54.990368 54.304996 53.717705 53.060974
69.90503 68.378204 66.89845 64.95479 62.833424 60.90053 59.057175 57.67905 56.45241 55.103714 53.752216 52.474842
149.6378 143.90312 138.32133 132.4222 126.60879 120.739716 115.06312 109.5954 104.840904 100.59138 96.59322 92.42661
120.81344 116.65082 112.79092 109.13889 105.57729 101.96061 98.291435 94.416954 91.02674 87.58611 84.489235 81.108894
198.63708 193.13956 187.8578 181.66667 174.66716 167.75246 161.42049 156.26709 151.47423 146.75665 141.28824 135.73274
232.6531 224.66191 216.8567 208.17023 199.70357 192.03639 185.09785 179.10396 173.68523 168.41249 162.64201 156.6734
82.2033 77.98804 74.661224 71.65875 68.7271 65.5992 62.10217 58.86959 56.217953 53.47415 51.060802 47.671936
109.26088 105.54914 102.232254 99.17796 96.577995 93.72989 90.412506 86.43923 83.069145 79.72115 77.40927 75.092155
61.052135 58.80588 56.428383 53.87536 51.37248 49.373867 47.10061 45.01882 42.770832 40.322433 38.17818 36.190388
19.947845 19.461008 19.1473 18.341278 17.38255 16.5211 15.615068 14.98548 14.455236 13.990112 13.3124275 12.699224
63.100796 61.657677 60.373367 58.928104 57.252422 55.700348 54.413067 53.628998 53.119534 52.52978 51.6983 50.540752
87.19471 82.248604 78.1859 74.5075 70.94594 67.08551 63.068092 59.5926 57.33546 55.586803 54.224518 51.45881
124.02377 117.38297 111.71957 106.33463 100.791245 94.829796 88.860954 84.35366 80.998604 78.455864 75.393654 70.9864
117.899315 114.076805 110.24808 106.04272 101.52656 97.04781 92.697205 88.70473 84.92275 81.06312 77.34261 73.56924
112.20206 109.10505 105.50636 101.065674 95.85642 91.1366 87.32885 84.592125 81.50237 78.11632 74.19153 70.22155
203.90741 199.22443 195.11588 190.60817 185.6863 180.38713 174.88821 170.29515 166.622 163.58978 160.41412 156.53336
42.806927 41.68067 40.65604 38.819187 36.50983 34.452877 32.584347 31.355795 30.10511 28.843136 27.347078 25.954477
66.64291 64.3774 61.656036 58.357807 54.75923 51.83007 49.377018 47.46571 45.035667 42.58635 40.04808 37.77919
22.495718 21.885832 21.619947 21.044538 20.289816 19.401958 18.277857 17.358984 16.650606 16.126673 15.430653 14.617383
94.54073 91.61726 88.5211 85.30176 81.91653 78.614655 75.40233 72.207924 69.12593 66.21049 63.676254 61.15589
122.230896 119.74096 117.49516 115.00679 112.22268 109.02899 105.67476 102.336525 99.23525 96.02585 92.97723 90.07991
95.469475 93.88394 91.79764 89.17413 86.77021 85.06739 83.954666 82.722466 81.34792 79.70689 78.38238 77.28697
168.66853 165.55362 162.93892 159.86128 155.74625 150.8443 145.7979 141.68755 138.78865 136.74037 134.60133 131.87125
170.03453 164.56558 159.98672 155.30786 149.87648 143.66563 137.61328 133.0078 129.9902 128.05983 125.01868 121.102394
194.74452 190.47366 184.84477 178.14441 172.73195 168.80092 164.74405 160.33807 154.79427 148.6512 143.65387 139.85196
20.592281 20.162355 20.054136 19.550985 18.889698 18.050161 17.06692 16.173697 15.391548 14.680774 13.981203 13.14549
85.909966 84.615395 83.16392 81.7047 80.29808 79.15923 77.9579 76.807274 75.41997 74.062454 72.79364 71.42534
19.606615 19.228756 19.034851 18.235823 17.113558 15.927214 14.693564 13.896229 13.120411 12.536769 11.611694 10.7064
19.052439 18.454283 18.073858 17.281368 16.371178 15.686106 14.973914 14.529713 14.04876 13.458049 12.598841 11.703268
141.65393 135.68005 130.91336 126.648224 121.99817 116.53382 110.6812 105.83531 102.460205 99.922264 97.06699 92.92005
30.33558 29.439754 28.837734 27.91484 26.974852 26.110071 25.138184 24.296606 23.497385 22.702492 21.665438 20.721764
43.49663 42.30353 41.23267 39.554962 37.68304 36.184017 34.859543 33.82479 32.66444 31.379015 30.028257 28.824686
21.458595 20.86781 20.39635 19.722094 18.970531 18.251524 17.293488 16.49715 15.653502 15.00099 14.161381 13.362346
79.18466 76.36337 73.49294 70.14145 66.559425 63.40072 60.32623 57.765015 55.14836 52.310513 49.535587 46.756687
51.37378 49.999107 48.284916 46.41007 44.33562 42.5421 40.809032 39.55411 38.188217 37.130882 35.928852 34.816402
88.00361 84.85874 81.369095 77.62649 73.97283 70.970055 67.81407 64.94399 62.06338 59.04036 56.54429 54.208683
66.18238 64.00281 62.4314 60.43576 58.132587 55.41884 52.419044 49.456776 47.048794 44.72358 42.75108 40.705135
-1.3543227 -1.6046524 -1.5004679 -1.5041882 -1.6305753 -1.6714855 -1.8993137 -2.0617976 -1.9266062 -1.9463344 -1.7442012 -1.9526451
39.11664 38.01417 37.19851 36.136814 34.861855 33.389587 31.820284 30.364176 29.136702 28.165815 27.016281 25.897614
116.26579 110.54774 105.08656 100.15378 95.578835 91.260895 86.508286 81.82388 78.124664 74.87536 72.513885 69.70049
103.77521 100.346664 96.601944 92.60566 88.82947 85.45609 81.92508 78.28479 74.74656 71.14606 68.403854 65.69429
22.000462 21.382269 21.177599 20.44477 19.595007 18.808462 17.944033 17.217539 16.500044 15.628077 14.563288 13.57087
107.444305 105.096405 102.96053 101.68391 99.920265 97.59251 94.2755 91.46398 89.45046 88.325874 87.179535 85.1098
98.84747 95.07396 91.27357 87.5678 83.96342 80.6055 77.27794 73.94945 70.44193 66.732796 63.24122 59.727325
78.86133 76.34796 73.602264 70.12202 66.35282 63.330322 60.763165 58.85131 56.582516 53.940105 51.29409 48.67123
114.141655 113.0272 111.41969 108.5193 104.74898 101.3003 98.56082 96.572495 94.36495 91.858284 88.86593 86.36609
124.69271 121.43393 118.926216 116.13079 112.68015 108.83432 105.414024 102.618614 100.666885 98.65362 96.076 92.86272
117.46818 113.574745 109.66749 105.41028 100.80209 96.24324 91.811104 87.73087 83.84672 79.913704 76.07473 72.23904
37.428066 36.726032 36.086273 34.73266 32.969482 31.350164 29.825544 28.815107 27.943014 27.095238 26.123295 25.212816
219.13315 212.49203 206.29382 199.62115 193.65407 187.09326 180.10258 172.46013 164.9123 157.76276 151.60298 145.87183
111.79227 107.98047 104.19049 100.50459 96.52069 92.44321 88.19649 84.339134 81.19545 78.38099 75.99995 73.15438
124.19475 121.594765 118.54138 114.36843 109.845894 105.73638 101.83098 98.6416 95.56633 92.43182 89.599365 87.09868
80.28382 77.27446 74.19961 71.04629 67.9861 65.40671 62.69847 60.210175 57.57096 54.87482 52.430332 50.072586
90.31495 86.7598 83.34723 79.552444 75.66638 72.39237 69.441574 67.01953 64.85536 62.37087 60.03907 57.29404
123.06927 118.18248 113.974884 109.77866 105.17724 99.97314 94.86134 90.112076 86.38094 83.1219 80.06029 76.20175
165.75972 163.94623 162.67654 160.70378 157.3184 152.64346 148.07213 144.75058 141.8707 139.03929 135.18892 130.82861
143.27708 135.9973 130.0066 123.707596 116.68509 109.10229 102.052605 96.77071 93.03733 89.67572 85.13588 79.210365
74.118355 72.261475 70.3041 67.65744 64.58932 61.8247 59.368217 57.470844 55.5738 53.620037 51.5775 49.664127
68.97888 66.983444 65.00759 62.297573 58.957764 56.079025 53.60108 52.051567 50.457565 48.722572 46.48361 44.235435


Header Information:
{'last_predicted_value': {'dtype': dtype('float32'), 'shape': (307, 12)}}
